0,2
1,3
2,2
3,2
4,3
5,3
6,0
7,2
8,3
9,2
10,2
11,2
12,3
13,3
14,3
15,3
16,3
17,3
18,3
19,3
20,3
21,3
22,3
23,3
24,2
25,2
26,2
27,2
28,3
29,2
30,2
31,2
32,2
33,2
34,2
35,3
36,2
37,2
38,2
39,2
40,2
41,3
42,0
43,2
44,3
45,2
46,2
47,2
48,2
49,2
50,2
51,2
52,3
53,3
54,2
55,2
56,3
57,2
58,3
59,3
60,3
61,2
62,3
63,2
64,3
65,2
66,3
67,2
68,2
69,3
70,2
71,4
72,3
73,2
74,4
75,2
76,2
77,4
78,3
79,3
80,4
81,6
82,3
83,3
84,3
85,5
86,3
87,3
88,3
89,3
90,3
91,3
92,3
93,2
94,2
95,2
96,2
97,2
98,4
99,0
100,2
101,2
102,2
103,2
104,1
105,2
106,2
107,2
108,1
109,2
110,2
111,2
112,2
113,2
114,2
115,2
116,2
117,0
118,2
119,2
120,2
121,2
122,2
123,3
124,2
125,0
126,3
127,4
128,2
129,2
130,3
131,4
132,4
133,4
134,4
135,3
136,4
137,2
138,3
139,3
140,3
141,3
142,3
143,3
144,2
145,2
146,3
147,3
148,3
149,2
150,3
151,3
